3, 20, 20, 20, 20, 20, 20, 20, 20, 37, 37, 20, 20, 20, 20, 20, 20, 20, 20, 3, 
3, 20, 20, 20, 20, 20, 20, 20, 20, 37, 37, 20, 20, 20, 20, 20, 20, 20, 20, 3, 
3, 20, 20, 20, 20, 20, 20, 20, 20, 37, 37, 20, 20, 20, 20, 20, 20, 20, 20, 3, 
3, 20, 20, 20, 20, 20, 20, 20, 20, 37, 37, 20, 20, 20, 20, 20, 20, 20, 20, 3, 
3, 20, 20, 20, 20, 20, 20, 20, 20, 37, 37, 20, 20, 20, 20, 20, 20, 20, 20, 3, 
3, 20, 20, 20, 20, 20, 20, 20, 20, 37, 37, 20, 20, 20, 20, 20, 20, 20, 20, 3, 
3, 20, 20, 20, 20, 20, 20, 20, 20, 37, 37, 20, 20, 20, 20, 20, 20, 20, 20, 3, 
3, 20, 20, 20, 20, 20, 20, 20, 20, 37, 37, 20, 20, 20, 20, 20, 20, 20, 20, 3, 
3, 20, 20, 20, 20, 20, 20, 20, 20, 37, 37, 20, 20, 20, 20, 20, 20, 20, 20, 3, 
3, 20, 20, 20, 20, 20, 20, 20, 20, 37, 37, 20, 20, 20, 20, 20, 20, 20, 20, 3, 
3, 20, 20, 20, 20, 20, 20, 20, 20, 37, 37, 20, 20, 20, 20, 20, 20, 20, 20, 3, 
3, 20, 20, 20, 20, 20, 20, 20, 20, 37, 37, 20, 20, 20, 20, 20, 20, 20, 20, 3